%YAML:1.0
aruco_bc_nmarkers: 6
aruco_bc_mInfoType: 0
aruco_bc_markers:
   - { id:76, corners:[ [ -128.8, -198.15, 0. ], [ -10.1, -198.15, 0. ], [
        -10.1,-79.45, 0. ], [ -128.8, -79.45, 0. ] ] }
   - { id:643, corners:[ [ -128.8, -59.35, 0. ], [ -10.1, -59.35, 0. ], [ 
      -10.1, 59.35, 0. ], [ -128.8, 59.35, 0. ] ] }
   - { id:368, corners:[ [-128.8,  79.55, 0. ], [ -10.1, 79.55, 0. ], [
        -10.1, 198.25, 0. ], [ -128.8, 198.25, 0. ] ] }
   - { id:845, corners:[ [ 10.1, -198.15, 0. ], [ 128.8, -198.15, 0. ], [
       128.8, -79.45, 0. ], [ 10.1, -79.45, 0. ] ] }
   - { id:120, corners:[ [ 10.1, -59.35,  0. ], [ 128.8, -59.35, 0. ], [
       128.8, 59.35, 0. ], [ 10.1, 59.35, 0. ] ] }
   - { id:662, corners:[ [ 10.1, 79.55, 0. ], [ 128.8, 79.55, 0. ], [
       128.8, 198.25, 0. ], [ 10.1, 198.25, 0. ] ] }
