image_width: 800
image_height: 600
camera_name: boreas_right
camera_matrix:
  rows: 3
  cols: 3
  data: [476.70145669918446, 0.0, 400.0, 0.0, 476.70145669918446, 300.0, 0.0, 0.0, 1.0]
distortion_model: plumb_bob
distortion_coefficients:
  rows: 1
  cols: 5
  data: [0.0, 0.0, 0.0, 0.0, 0.0]
rectification_matrix:
  rows: 3
  cols: 3
  data: [1.0, 0.0, 0.0, 0.0, 1.0, 0.0, 0.0, 0.0, 1.0]
projection_matrix:
  rows: 3
  cols: 4
  data: [476.70145669918446, 0.0, 400.0, -95.34029134, 0.0, 476.70145669918446, 300.0, 0.0, 0.0, 0.0, 1.0, 0.0]
