%YAML:1.0
aruco_bc_nmarkers: 4
aruco_bc_mInfoType: 0
aruco_bc_markers:
   - { id:745, corners:[ [ -155., -75., 0. ], [ -85., -75., 0. ], [
       -85., -5., 0. ], [ -155., -5., 0. ] ] }
   - { id:349, corners:[ [ -155., 5., 0. ], [ -85., 5., 0. ], [
       -85., 75., 0. ], [ -155., 75., 0. ] ] }
   - { id:589, corners:[ [ 85., -75., 0. ], [ 155., -75., 0. ], [
       155., -5., 0. ], [ 85., -5., 0. ] ] }
   - { id:92, corners:[ [ 85., 5., 0. ], [ 155., 5., 0. ], [
       155., 75., 0. ], [ 85., 75., 0. ] ] }


