%YAML:1.0
aruco_bc_nmarkers: 4
aruco_bc_mInfoType: 0
aruco_bc_markers:
   - { id:613, corners:[ [ -155., -75., 0. ], [ -85., -75., 0. ], [
       -85., -5., 0. ], [ -155., -5., 0. ] ] }
   - { id:213, corners:[ [ -155., 5., 0. ], [ -85., 5., 0. ], [
       -85., 75., 0. ], [ -155., 75., 0. ] ] }
   - { id:300, corners:[ [ 85., -75., 0. ], [ 155., -75., 0. ], [
       155., -5., 0. ], [ 85., -5., 0. ] ] }
   - { id:836, corners:[ [ 85., 5., 0. ], [ 155., 5., 0. ], [
       155., 75., 0. ], [ 85., 75., 0. ] ] }
